0 0.284402 0.218983 0.112878 0.200746 0.95474
0 0.523193 0.622749 0.129007 0.226965 0.953651
3 0.0708558 0.111692 0.141577 0.218262 0.952989
1 0.213097 0.633067 0.0893383 0.159606 0.950891
0 0.200607 0.126995 0.139867 0.249632 0.943353
0 0.602402 0.109015 0.117554 0.210115 0.941402
3 0.13734 0.0950747 0.0846378 0.180473 0.940764
1 0.279295 0.897945 0.0798984 0.144016 0.94039
0 0.761962 0.329562 0.132796 0.234833 0.939817
2 0.365243 0.628473 0.209149 0.489195 0.937932
0 0.515388 0.362022 0.0895455 0.158325 0.929742
2 0.904636 0.351733 0.137552 0.491393 0.90187
3 0.439962 0.211886 0.0701412 0.410149 0.897748
2 0.834583 0.365374 0.255515 0.224112 0.850515
