0 0.821426 0.107503 0.117648 0.211506 0.961013
3 0.356875 0.0965568 0.0850337 0.181691 0.956628
1 0.431676 0.632171 0.0880089 0.158886 0.956005
0 0.74202 0.622067 0.129136 0.230858 0.954697
0 0.42119 0.127183 0.13842 0.248286 0.947903
2 0.0819475 0.225334 0.163895 0.391911 0.94716
1 0.497165 0.89731 0.0812368 0.14162 0.94682
2 0.583844 0.626503 0.208216 0.491355 0.943039
0 0.501864 0.219873 0.113472 0.198303 0.942429
1 0.115891 0.766506 0.0919369 0.160637 0.941876
0 0.734073 0.361234 0.0897746 0.157738 0.932853
3 0.282495 0.112132 0.167194 0.215504 0.928475
3 0.184447 0.358216 0.059363 0.108039 0.921938
3 0.659649 0.212173 0.0698072 0.413084 0.901549
0 0.957886 0.325387 0.0842052 0.234013 0.880201
