3 0.706874 0.0965423 0.085025 0.181696 0.956622
1 0.781689 0.632185 0.0880287 0.158929 0.955733
0 0.771188 0.127176 0.138442 0.248301 0.947934
1 0.847161 0.897209 0.0813171 0.14228 0.946087
2 0.391679 0.226846 0.243995 0.392436 0.945905
0 0.85189 0.219855 0.113511 0.198383 0.942904
1 0.465853 0.766461 0.0918804 0.160492 0.941909
0 0.14486 0.207407 0.102564 0.181959 0.935501
1 0.0745371 0.905516 0.0851843 0.151238 0.934977
3 0.63248 0.112129 0.167249 0.215501 0.928212
1 0.0666404 0.335505 0.059219 0.10804 0.925966
3 0.534443 0.358187 0.0594183 0.108027 0.922042
2 0.913757 0.630232 0.170943 0.484076 0.910924
2 0.225944 0.308782 0.142908 0.602892 0.907996
2 0.0448483 0.358263 0.088365 0.197903 0.899741
1 0.236303 0.353952 0.0898921 0.167748 0.894338
0 0.0321351 0.201171 0.0642703 0.234735 0.888195
3 0.986297 0.231737 0.0262407 0.457377 0.54908
