2 0.497711 0.614363 0.134234 0.285825 0.976576
0 0.106042 0.365269 0.130568 0.230122 0.970076
3 0.898548 0.333312 0.119515 0.197604 0.969203
2 0.183655 0.620874 0.19423 0.270243 0.968277
2 0.657965 0.612989 0.116034 0.204384 0.966152
0 0.339127 0.751741 0.131389 0.232055 0.9499
2 0.259764 0.7728 0.0782406 0.162733 0.949815
0 0.893511 0.624819 0.111212 0.199434 0.945313
0 0.8887 0.197596 0.109204 0.190288 0.944663
0 0.578486 0.364408 0.0901175 0.156206 0.938328
1 0.356004 0.207825 0.064899 0.115953 0.92886
1 0.822128 0.622315 0.0753551 0.133479 0.928579
1 0.817656 0.0888338 0.059617 0.105558 0.915751
1 0.732015 0.883985 0.0764988 0.138129 0.909546
1 0.964053 0.218766 0.0718939 0.1406 0.907967
