2 0.426781 0.340894 0.194645 0.249154 0.963117
0 0.430894 0.200907 0.138591 0.245667 0.959503
3 0.192532 0.346045 0.142748 0.291712 0.956027
2 0.831076 0.226924 0.244461 0.393534 0.937952
1 0.503166 0.335042 0.0629881 0.110693 0.937858
1 0.902925 0.766019 0.0913315 0.159864 0.937423
1 0.51204 0.905348 0.0855783 0.152176 0.935062
3 0.970702 0.358791 0.0562147 0.108023 0.931905
0 0.582386 0.207245 0.102664 0.182921 0.929497
2 0.66275 0.306367 0.147712 0.607305 0.919183
1 0.673823 0.354328 0.0911018 0.169791 0.890496
1 0.122041 0.486103 0.0614479 0.109297 0.888421
3 0.0437034 0.47977 0.0873773 0.433244 0.815713
3 0.0161917 0.641681 0.0300771 0.21019 0.745147
3 0.99345 0.110424 0.0130993 0.192401 0.459944
