2 0.628355 0.613816 0.133396 0.28825 0.973023
2 0.788884 0.613448 0.115332 0.204259 0.97094
2 0.315182 0.620627 0.192924 0.269937 0.967598
0 0.237607 0.365901 0.13161 0.227996 0.955446
0 0.47199 0.750272 0.132754 0.236047 0.955187
0 0.0826348 0.341544 0.0937168 0.162259 0.950317
0 0.71007 0.364735 0.0909294 0.157156 0.940069
2 0.390503 0.772984 0.0802592 0.164383 0.939457
1 0.48817 0.208466 0.0624594 0.112917 0.938435
0 0.0812331 0.206043 0.0873513 0.15589 0.938115
1 0.950231 0.08725 0.0597366 0.105182 0.922803
3 0.0231197 0.625889 0.0462394 0.182752 0.921475
1 0.955156 0.622223 0.0721573 0.131614 0.903805
1 0.863772 0.885728 0.0773285 0.135075 0.899688
1 0.0211006 0.335802 0.0403213 0.141928 0.886812
3 0.984854 0.337138 0.0301922 0.20087 0.868756
0 0.981417 0.198292 0.0345903 0.200811 0.790056
0 0.98368 0.650423 0.0326409 0.220166 0.522974
