3 0.322909 0.347027 0.143927 0.29199 0.962917
2 0.55794 0.340439 0.195625 0.247526 0.962348
0 0.562403 0.199906 0.138872 0.248885 0.946488
1 0.634071 0.334604 0.0631825 0.113586 0.94255
0 0.714334 0.207005 0.102929 0.182739 0.941222
3 0.109108 0.465721 0.218216 0.414006 0.93353
1 0.642272 0.905314 0.0851365 0.151553 0.930719
2 0.918401 0.229471 0.157524 0.400599 0.92677
1 0.0360911 0.220447 0.0721823 0.160264 0.91529
1 0.25288 0.487153 0.0603169 0.108176 0.912925
2 0.792408 0.307484 0.147185 0.604644 0.912688
1 0.804865 0.355536 0.0918884 0.169723 0.906338
3 0.0897618 0.635144 0.14675 0.200002 0.905339
2 0.100374 0.323281 0.128259 0.520315 0.900235
1 0.0318969 0.773092 0.0630915 0.125752 0.898031
