3 0.672901 0.347037 0.143947 0.291989 0.962981
0 0.292798 0.340829 0.12896 0.233493 0.961465
0 0.216394 0.343797 0.116118 0.20458 0.958962
2 0.904966 0.340016 0.190068 0.249812 0.957889
0 0.912379 0.199816 0.138655 0.248743 0.945934
0 0.051412 0.769025 0.0916831 0.160637 0.940996
3 0.292585 0.886023 0.109855 0.219113 0.940932
0 0.135242 0.199585 0.13046 0.228362 0.940509
3 0.450418 0.467405 0.235955 0.414815 0.932876
1 0.281665 0.626653 0.0940739 0.164565 0.922911
1 0.377205 0.217336 0.0885212 0.158491 0.915674
3 0.439395 0.635895 0.146706 0.198891 0.91317
1 0.602834 0.487098 0.0603454 0.108181 0.91256
0 0.126306 0.486069 0.0954999 0.171322 0.909385
1 0.376831 0.771264 0.0705773 0.125532 0.893786
2 0.450139 0.328587 0.127278 0.530636 0.892353
1 0.975867 0.333962 0.0482658 0.113785 0.881183
1 0.975093 0.905634 0.0498137 0.159103 0.868636
