2 0.135688 0.244936 0.251371 0.48086 0.957727
0 0.600646 0.608474 0.125964 0.22562 0.954348
3 0.221384 0.822369 0.190751 0.351304 0.948026
0 0.682806 0.912856 0.0936922 0.163226 0.94782
1 0.128806 0.60993 0.0907119 0.158427 0.946506
0 0.912843 0.340682 0.0925823 0.163874 0.944273
3 0.831318 0.624603 0.0948868 0.17953 0.941974
0 0.912795 0.206176 0.0876503 0.156876 0.936447
1 0.293213 0.347459 0.067541 0.119325 0.933989
2 0.612804 0.247515 0.135227 0.486817 0.933109
0 0.765547 0.480539 0.10405 0.183735 0.932233
1 0.683781 0.356587 0.08623 0.151234 0.930813
1 0.148796 0.765232 0.084024 0.150074 0.926222
1 0.0549518 0.360422 0.0933261 0.16174 0.918568
1 0.831268 0.33803 0.078713 0.142878 0.916103
3 0.370616 0.209458 0.0812717 0.0679074 0.911602
3 0.608379 0.0690095 0.121955 0.0903509 0.881124
2 0.0341405 0.734981 0.068281 0.453837 0.764234
