0 0.81789 0.340831 0.129158 0.233515 0.96129
0 0.741334 0.343781 0.116143 0.204596 0.958701
3 0.35573 0.495994 0.118812 0.210385 0.956438
0 0.577466 0.769162 0.0903948 0.160347 0.94338
0 0.66018 0.199569 0.130658 0.228354 0.941073
3 0.817605 0.885993 0.109829 0.219042 0.941011
3 0.18886 0.614401 0.152449 0.177735 0.940372
2 0.111599 0.778018 0.219768 0.318179 0.928314
1 0.806661 0.626714 0.0940567 0.164481 0.923272
1 0.039158 0.773966 0.0716197 0.130461 0.923192
1 0.90218 0.217329 0.0884562 0.159157 0.916206
1 0.272922 0.065024 0.0649062 0.117056 0.915243
3 0.927762 0.464185 0.14052 0.415941 0.913898
0 0.651629 0.48544 0.0960007 0.171224 0.910695
1 0.043259 0.196454 0.0865181 0.163377 0.907438
1 0.183247 0.899508 0.0679771 0.117503 0.900883
3 0.945411 0.636357 0.106524 0.198428 0.899856
1 0.901786 0.771035 0.0706106 0.125635 0.895526
2 0.950276 0.334396 0.0937532 0.575949 0.794485
2 0.957009 0.269532 0.0859814 0.469341 0.698418
