2 0.352588 0.247027 0.254846 0.47773 0.955185
0 0.820671 0.608382 0.128381 0.228514 0.950849
3 0.439616 0.822713 0.188851 0.3519 0.949956
2 0.830629 0.246923 0.134869 0.490803 0.941391
0 0.901307 0.91331 0.0928276 0.16462 0.935451
1 0.349466 0.610923 0.089798 0.157849 0.931679
1 0.126584 0.909412 0.0871067 0.154757 0.926644
1 0.511266 0.347563 0.0665533 0.120559 0.924642
1 0.273123 0.359151 0.0914742 0.16415 0.923653
3 0.827969 0.0688174 0.119064 0.0895585 0.912537
1 0.900873 0.357349 0.0858141 0.152738 0.911619
1 0.365133 0.766623 0.0829113 0.148394 0.909552
0 0.965657 0.483548 0.068058 0.177307 0.898659
3 0.589927 0.208872 0.0817839 0.068597 0.897507
2 0.194741 0.759515 0.191236 0.470209 0.889607
