3 0.749216 0.495886 0.11947 0.213455 0.964628
0 0.272258 0.897208 0.113281 0.200016 0.951742
1 0.434065 0.196397 0.0933857 0.164945 0.938046
0 0.120457 0.0914711 0.100348 0.176487 0.93696
1 0.433575 0.773386 0.0702049 0.127026 0.930384
2 0.506058 0.774456 0.218528 0.31873 0.928442
0 0.963273 0.768383 0.0734533 0.160597 0.928021
3 0.582126 0.614818 0.153232 0.18151 0.924396
1 0.576763 0.899293 0.0668512 0.119399 0.915689
1 0.666199 0.0655876 0.0656953 0.116755 0.912315
2 0.0281419 0.538937 0.0562839 0.468585 0.671086
2 0.0308815 0.533601 0.0602416 0.339449 0.415141
2 0.0255229 0.599548 0.0506828 0.408123 0.384023
2 0.0308197 0.47997 0.0604787 0.255399 0.28194
