2 0.702592 0.246999 0.254788 0.477535 0.955028
3 0.789609 0.822625 0.188856 0.351793 0.949486
0 0.238077 0.363836 0.100654 0.175965 0.94205
3 0.0861289 0.215203 0.172258 0.34841 0.933134
1 0.69944 0.610929 0.0896964 0.157647 0.932127
1 0.476574 0.909467 0.0872974 0.155028 0.926988
1 0.861282 0.347598 0.0664425 0.120425 0.924783
1 0.623127 0.359202 0.0914753 0.164038 0.922916
1 0.0712441 0.772888 0.0648985 0.116498 0.911707
1 0.71515 0.766629 0.0828967 0.148373 0.909882
1 0.0780784 0.619122 0.0656172 0.117003 0.907901
3 0.0277958 0.639707 0.0555916 0.21257 0.904106
3 0.939388 0.208906 0.0809105 0.0683562 0.893748
2 0.544794 0.759663 0.191133 0.470322 0.891139
