2 0.346411 0.616623 0.193853 0.330048 0.967183
2 0.191302 0.842232 0.128317 0.315536 0.957032
0 0.18722 0.101951 0.109438 0.196037 0.955849
0 0.665411 0.896217 0.113817 0.200012 0.950751
1 0.19572 0.767841 0.0948115 0.162889 0.944419
2 0.0972135 0.476977 0.194427 0.282266 0.942628
0 0.513364 0.0895006 0.100116 0.177091 0.9397
2 0.895133 0.777657 0.209734 0.319598 0.93829
3 0.0501389 0.350595 0.100101 0.216921 0.932162
2 0.124958 0.219683 0.206805 0.439366 0.92985
3 0.116369 0.756211 0.124381 0.233741 0.92756
1 0.826363 0.773729 0.0702597 0.128389 0.925423
3 0.0595582 0.158394 0.118491 0.312249 0.92523
2 0.340575 0.501317 0.218468 0.264061 0.923698
3 0.950185 0.614843 0.0984442 0.177126 0.92088
1 0.274681 0.892526 0.0721769 0.129621 0.91927
1 0.967467 0.900719 0.0621786 0.114246 0.914072
3 0.273976 0.211752 0.15199 0.152068 0.911677
1 0.826723 0.19552 0.0908083 0.163828 0.902371
3 0.113026 0.845861 0.136013 0.303831 0.894369
