2 0.478521 0.616673 0.192897 0.328809 0.977104
2 0.320766 0.841593 0.126955 0.316814 0.971786
3 0.16576 0.348897 0.131253 0.21887 0.955302
3 0.247379 0.755054 0.122338 0.232183 0.952878
0 0.797228 0.897241 0.113246 0.200053 0.951565
3 0.16684 0.157876 0.167403 0.309809 0.948846
3 0.0893012 0.127966 0.129821 0.249698 0.943155
2 0.16825 0.472424 0.308724 0.279234 0.942041
0 0.645472 0.0914984 0.100362 0.176487 0.93854
1 0.327437 0.766969 0.0906373 0.160562 0.937609
0 0.319108 0.102212 0.109954 0.199199 0.931955
1 0.956477 0.1962 0.0870464 0.163735 0.931738
1 0.406021 0.893478 0.0745458 0.131139 0.931462
3 0.405696 0.211215 0.152415 0.151201 0.922459
2 0.475841 0.505457 0.221076 0.266517 0.921822
3 0.24599 0.843849 0.132969 0.307552 0.916401
2 0.258141 0.221724 0.202767 0.440495 0.904225
2 0.960998 0.769978 0.0753555 0.303153 0.867687
3 0.0309203 0.343897 0.0618406 0.151375 0.853373
