2 0.5662 0.616944 0.192952 0.328718 0.978983
2 0.407843 0.841398 0.126309 0.317204 0.968666
3 0.253419 0.348496 0.130758 0.219661 0.959373
3 0.335327 0.755428 0.123672 0.233269 0.95781
3 0.177795 0.128121 0.129201 0.250224 0.951214
3 0.254117 0.157606 0.166768 0.310125 0.946446
0 0.884812 0.897455 0.113376 0.199805 0.946334
3 0.105037 0.342279 0.0877875 0.149861 0.942899
1 0.41473 0.766661 0.0903844 0.15978 0.94161
2 0.254439 0.472968 0.313786 0.278478 0.939326
0 0.732631 0.0910652 0.100641 0.17705 0.936409
1 0.493663 0.892939 0.074135 0.130179 0.931271
2 0.0453893 0.64128 0.0907785 0.275222 0.928723
0 0.405835 0.103058 0.112145 0.199526 0.928575
3 0.493114 0.211233 0.152921 0.150719 0.926139
2 0.5638 0.50487 0.221199 0.266444 0.921182
2 0.343647 0.224023 0.202321 0.44059 0.918944
3 0.332422 0.843505 0.131778 0.308019 0.905531
2 0.0230995 0.788307 0.046199 0.423386 0.557419
2 0.0231629 0.847037 0.0459285 0.299721 0.474939
