3 0.465296 0.15171 0.19325 0.298348 0.959557
0 0.544241 0.46912 0.12563 0.224688 0.955613
2 0.07219 0.102377 0.14438 0.195038 0.954856
3 0.691667 0.760373 0.192459 0.171684 0.952716
3 0.925743 0.482699 0.121226 0.199689 0.951171
0 0.684442 0.88361 0.130919 0.232056 0.950856
0 0.373275 0.363785 0.104795 0.18589 0.944578
0 0.699667 0.482232 0.105708 0.183202 0.942599
2 0.0678038 0.613399 0.135608 0.20283 0.941771
1 0.384795 0.0857085 0.0920499 0.163618 0.941678
2 0.931125 0.607516 0.132552 0.233285 0.936324
3 0.92307 0.226644 0.109486 0.450284 0.931243
2 0.843717 0.704332 0.303102 0.591336 0.924592
1 0.622492 0.63442 0.0716642 0.12911 0.923496
1 0.449193 0.758742 0.0819627 0.14081 0.920584
1 0.782275 0.214399 0.0782394 0.138972 0.918861
3 0.231449 0.184474 0.188723 0.365183 0.913243
0 0.764717 0.764395 0.122948 0.212333 0.905451
3 0.138536 0.208015 0.234412 0.162281 0.880642
1 0.839756 0.0576812 0.0610851 0.109549 0.855987
3 0.382484 0.225345 0.172236 0.332795 0.821487
