3 0.195144 0.207926 0.126968 0.217696 0.974099
3 0.822951 0.192691 0.140507 0.253131 0.961756
0 0.418659 0.224755 0.0957463 0.169357 0.950524
1 0.268157 0.61993 0.0866552 0.152516 0.946458
3 0.432931 0.0841671 0.0932223 0.165074 0.945846
0 0.744941 0.501454 0.103067 0.183809 0.944969
1 0.435643 0.496243 0.0917473 0.162712 0.942095
2 0.583289 0.754991 0.0977661 0.365943 0.939045
1 0.201647 0.491236 0.0650235 0.119097 0.935198
2 0.657541 0.229156 0.13704 0.448987 0.931447
2 0.27829 0.229881 0.119142 0.449385 0.924972
1 0.109483 0.775541 0.080783 0.142461 0.91477
0 0.0411173 0.505873 0.0822345 0.18534 0.908855
3 0.655928 0.77443 0.0373243 0.169445 0.879235
0 0.0146187 0.363991 0.0292374 0.203727 0.737847
