3 0.45781 0.207783 0.127122 0.217453 0.974369
0 0.223056 0.361926 0.140045 0.248612 0.956842
3 0.071901 0.772208 0.143631 0.262369 0.950379
0 0.681481 0.224514 0.0950247 0.168928 0.948349
3 0.695481 0.0838953 0.0935906 0.16439 0.945692
1 0.530249 0.619825 0.0867773 0.153059 0.943155
1 0.698083 0.495577 0.0915351 0.162733 0.939148
0 0.291972 0.503603 0.105272 0.189923 0.938438
2 0.846762 0.754367 0.0998568 0.365972 0.938241
1 0.463927 0.491005 0.065393 0.119682 0.9337
2 0.921196 0.228278 0.138109 0.454817 0.92232
2 0.542622 0.227626 0.117937 0.447183 0.92182
1 0.372304 0.775586 0.081431 0.143353 0.919895
2 0.0374639 0.490219 0.0749278 0.206691 0.915525
3 0.918335 0.774961 0.0377756 0.170483 0.876654
0 0.976258 0.496024 0.0464823 0.190813 0.842719
0 0.0224188 0.890791 0.0448377 0.197198 0.833258
