2 0.420701 0.109967 0.109064 0.215317 0.95463
3 0.729461 0.478384 0.100502 0.179735 0.951718
0 0.336178 0.890226 0.120983 0.213818 0.949824
2 0.725718 0.857139 0.216505 0.285722 0.943831
3 0.892935 0.342808 0.0903841 0.151756 0.943716
3 0.25633 0.46982 0.0730536 0.183511 0.943205
3 0.111722 0.356279 0.197596 0.368723 0.943135
2 0.944293 0.477212 0.111203 0.292883 0.940392
0 0.510221 0.337609 0.090874 0.159607 0.937066
2 0.733789 0.632594 0.295164 0.281337 0.936267
1 0.269968 0.629491 0.0792738 0.145726 0.933836
3 0.576426 0.347784 0.0887466 0.151737 0.932946
0 0.102393 0.623084 0.110072 0.193038 0.932216
1 0.415644 0.49653 0.0686535 0.122448 0.924495
1 0.186695 0.192506 0.0736752 0.13021 0.921668
1 0.17705 0.359404 0.0971914 0.173111 0.895475
3 0.949153 0.127453 0.0985895 0.25099 0.893404
2 0.726498 0.763226 0.105346 0.330792 0.878989
3 0.979609 0.168885 0.0398684 0.321723 0.796378
3 0.987721 0.338518 0.0238647 0.241367 0.726054
