3 0.5452 0.207885 0.127032 0.217665 0.974336
0 0.0732777 0.885342 0.120155 0.214174 0.956677
0 0.310141 0.361267 0.139455 0.249387 0.951988
3 0.15597 0.771526 0.150622 0.26138 0.951391
0 0.768675 0.224744 0.0957762 0.169511 0.950372
3 0.782944 0.0841503 0.0932266 0.16502 0.94622
2 0.0818567 0.497795 0.163713 0.187869 0.946027
1 0.618155 0.619575 0.087002 0.153326 0.945014
1 0.785617 0.496209 0.0917095 0.162665 0.942623
0 0.379513 0.503567 0.10505 0.189527 0.938394
1 0.551497 0.490994 0.0652842 0.119742 0.932421
2 0.933094 0.7548 0.0981903 0.366139 0.93123
2 0.628389 0.229904 0.119014 0.449574 0.926045
1 0.459469 0.775568 0.0810551 0.142791 0.914269
3 0.0139594 0.497456 0.0279188 0.185267 0.810856
2 0.969814 0.219832 0.0601973 0.41893 0.785679
3 0.98979 0.763013 0.018763 0.264372 0.342262
