3 0.632862 0.207812 0.127188 0.217416 0.974529
0 0.160991 0.884995 0.11964 0.213359 0.957702
0 0.397964 0.361874 0.140145 0.248702 0.956776
3 0.243523 0.771521 0.15036 0.260532 0.952047
0 0.85645 0.22453 0.0950226 0.169147 0.948139
3 0.870445 0.0840421 0.0934921 0.164637 0.946145
2 0.165478 0.498336 0.174842 0.187096 0.942611
1 0.705267 0.619689 0.0869431 0.153386 0.942361
3 0.0763297 0.496175 0.0750839 0.181612 0.941141
1 0.873047 0.495364 0.0915985 0.163047 0.938834
0 0.466994 0.503661 0.105299 0.189911 0.937697
1 0.638826 0.490954 0.0655087 0.119883 0.933576
2 0.71757 0.227485 0.117811 0.447281 0.921172
1 0.54728 0.775601 0.0814549 0.143403 0.919384
2 0.985885 0.744945 0.0282309 0.476194 0.449517
2 0.988132 0.776316 0.0232941 0.447367 0.305701
