2 0.901745 0.111347 0.110515 0.214189 0.961187
2 0.358973 0.10265 0.126553 0.201412 0.958485
0 0.204264 0.493787 0.149873 0.259918 0.958083
0 0.818196 0.889892 0.123267 0.212122 0.953238
3 0.428092 0.74989 0.083975 0.169595 0.949044
0 0.583909 0.62223 0.111072 0.194191 0.948501
3 0.594202 0.3566 0.194446 0.370249 0.944043
3 0.737239 0.470647 0.0724539 0.184386 0.932891
1 0.425616 0.488693 0.0953505 0.172929 0.927237
1 0.360568 0.613994 0.0837954 0.149536 0.92477
1 0.896438 0.49732 0.0673853 0.117336 0.923929
1 0.751458 0.628796 0.0823293 0.147148 0.918505
1 0.667649 0.190697 0.0737946 0.132158 0.917895
1 0.192662 0.628886 0.0771446 0.138731 0.914763
1 0.65826 0.360644 0.0971342 0.172664 0.908009
2 0.048448 0.783548 0.0952509 0.254851 0.907783
0 0.972585 0.337913 0.0543282 0.157118 0.890441
