3 0.639441 0.88025 0.136747 0.235983 0.953171
3 0.31413 0.887062 0.127821 0.223111 0.94887
0 0.556137 0.621106 0.137424 0.248298 0.948568
0 0.324736 0.618525 0.0998503 0.173038 0.945181
1 0.395414 0.0881379 0.101317 0.176276 0.936298
0 0.0913801 0.770635 0.118295 0.209983 0.934106
2 0.56119 0.486811 0.127322 0.412046 0.923839
1 0.940036 0.356426 0.0917068 0.159121 0.918268
1 0.553725 0.211137 0.0761858 0.137146 0.917576
1 0.398949 0.207481 0.0736381 0.13384 0.912316
0 0.03528 0.873144 0.0703054 0.232153 0.901412
3 0.406434 0.902908 0.0345486 0.188517 0.84568
0 0.0253006 0.090197 0.0506013 0.180394 0.773177
1 0.940441 0.473213 0.0704214 0.122756 0.755368
