3 0.408218 0.891392 0.116359 0.186772 0.952992
0 0.159078 0.127326 0.139639 0.248842 0.949981
0 0.943584 0.885007 0.112831 0.212151 0.94776
2 0.245556 0.804959 0.267238 0.37991 0.945423
3 0.864019 0.496278 0.0750418 0.181349 0.938869
1 0.787824 0.350942 0.0978378 0.170601 0.931989
3 0.563079 0.812683 0.253209 0.363101 0.927612
2 0.642646 0.762251 0.170841 0.379561 0.924706
2 0.932814 0.497906 0.132273 0.184503 0.916833
0 0.039459 0.893679 0.0783841 0.208124 0.907486
2 0.0566366 0.195796 0.113273 0.391593 0.88216
3 0.977012 0.783005 0.0421272 0.26228 0.86136
