3 0.451985 0.891953 0.115378 0.188343 0.957421
3 0.907714 0.495207 0.0759928 0.183531 0.955961
0 0.202361 0.127206 0.140398 0.24988 0.951623
2 0.289555 0.804856 0.264769 0.378664 0.946959
0 0.0648425 0.893774 0.115162 0.201099 0.946413
2 0.079604 0.197025 0.159208 0.38756 0.94115
2 0.685086 0.763631 0.172326 0.37214 0.934997
1 0.830871 0.351447 0.097969 0.171064 0.926745
3 0.60624 0.813204 0.256183 0.364351 0.906845
0 0.966041 0.881638 0.0678461 0.236724 0.874889
2 0.957865 0.494399 0.082501 0.184899 0.834688
0 0.0144849 0.103536 0.0289698 0.198267 0.592915
2 0.0237149 0.372706 0.0474297 0.294774 0.56199
