3 0.299167 0.780955 0.115508 0.207483 0.958084
0 0.684939 0.493223 0.14953 0.26221 0.954718
3 0.909536 0.749822 0.0837959 0.1701 0.952538
2 0.840358 0.102217 0.126616 0.199259 0.9487
2 0.0730807 0.746811 0.146161 0.290299 0.938101
1 0.674432 0.628278 0.0774675 0.136519 0.929317
2 0.452783 0.781394 0.254284 0.261068 0.924638
1 0.907389 0.488564 0.0968391 0.17346 0.924594
1 0.842139 0.614448 0.0822794 0.150101 0.924372
1 0.204485 0.496697 0.0834657 0.149856 0.921329
3 0.139756 0.750938 0.111925 0.287039 0.920849
1 0.288208 0.487416 0.0720304 0.127068 0.905171
1 0.443524 0.356005 0.0616037 0.106221 0.893366
3 0.987692 0.36943 0.0234936 0.282572 0.733932
3 0.0139556 0.71892 0.0279113 0.149586 0.695355
1 0.0161869 0.210718 0.0323737 0.169191 0.605087
3 0.0178038 0.316401 0.0336697 0.248828 0.346532
2 0.0164258 0.250021 0.0328516 0.263484 0.281701
