2 0.171661 0.503358 0.148056 0.251905 0.973825
3 0.337048 0.500879 0.16788 0.24273 0.963658
2 0.798263 0.346411 0.124891 0.179707 0.961067
3 0.39805 0.139363 0.0906311 0.273875 0.960903
3 0.876724 0.636915 0.0848148 0.160398 0.957993
2 0.0960241 0.204235 0.1695 0.39831 0.947501
0 0.716218 0.345 0.0845669 0.153171 0.945898
3 0.869142 0.486565 0.152736 0.141288 0.94478
2 0.569666 0.616855 0.266388 0.281324 0.943305
2 0.556879 0.797825 0.186736 0.395835 0.943074
0 0.0910895 0.889206 0.121758 0.216537 0.941656
0 0.324636 0.358235 0.108565 0.191837 0.93721
2 0.796866 0.736834 0.166038 0.526332 0.933936
0 0.805734 0.620376 0.0927723 0.164233 0.933197
0 0.880157 0.0860502 0.0955956 0.166778 0.930921
3 0.793503 0.491866 0.0773483 0.161359 0.927423
0 0.9435 0.747292 0.113001 0.240898 0.923333
1 0.633869 0.480574 0.0932653 0.165606 0.921117
1 0.724512 0.74821 0.08508 0.14868 0.908978
3 0.951706 0.136076 0.0760523 0.269281 0.90195
3 0.243406 0.332594 0.160217 0.150685 0.901868
1 0.246555 0.916167 0.0561281 0.0988434 0.891467
0 0.0342015 0.887346 0.0684029 0.225307 0.841576
2 0.908319 0.484707 0.183208 0.362926 0.783164
