3 0.787774 0.763868 0.132133 0.240313 0.967345
3 0.868518 0.360314 0.121224 0.217422 0.964037
0 0.785994 0.363118 0.130975 0.234876 0.953532
2 0.552885 0.501888 0.0947109 0.309646 0.953433
0 0.478475 0.115216 0.127144 0.223563 0.953047
0 0.71252 0.129355 0.14271 0.250628 0.94997
3 0.314419 0.889257 0.143024 0.219604 0.947919
2 0.10019 0.331779 0.197232 0.38449 0.944507
2 0.861283 0.190971 0.176086 0.362178 0.943157
2 0.407752 0.470801 0.224296 0.58669 0.938148
1 0.0923948 0.890036 0.0951987 0.168446 0.937809
2 0.822464 0.496599 0.355072 0.384836 0.930821
1 0.547632 0.755458 0.0944095 0.169289 0.921227
3 0.0944247 0.192523 0.135673 0.107308 0.919263
2 0.0867734 0.471137 0.111779 0.40035 0.877097
