3 0.912027 0.360318 0.120905 0.218751 0.972967
0 0.829399 0.363436 0.130673 0.234584 0.968197
3 0.357593 0.890121 0.144011 0.218598 0.96726
0 0.522358 0.117794 0.12709 0.224558 0.95264
0 0.755725 0.130923 0.143364 0.249857 0.950571
2 0.59659 0.50063 0.0952032 0.309626 0.946348
2 0.134247 0.333742 0.21277 0.379816 0.944815
3 0.831525 0.763921 0.130759 0.239664 0.944617
2 0.454298 0.470828 0.224011 0.583666 0.942963
3 0.139172 0.191922 0.136043 0.105992 0.93069
1 0.135717 0.889789 0.0920712 0.166169 0.925683
2 0.906387 0.190992 0.17444 0.364494 0.912734
1 0.591502 0.756033 0.095646 0.17257 0.904475
2 0.844553 0.49565 0.310895 0.378443 0.889014
2 0.0326025 0.188696 0.0638524 0.376192 0.857437
2 0.131962 0.483088 0.111078 0.396642 0.850569
0 0.0146092 0.361135 0.0271156 0.231024 0.382651
