2 0.381929 0.633576 0.116061 0.200192 0.967067
2 0.222107 0.367945 0.154917 0.263116 0.966926
0 0.460519 0.761181 0.127829 0.231234 0.953234
2 0.606711 0.362076 0.149903 0.360891 0.951997
0 0.526192 0.494172 0.147654 0.25761 0.951062
2 0.146703 0.18241 0.27082 0.345003 0.949443
0 0.369751 0.352992 0.106793 0.187404 0.944736
3 0.0629094 0.904399 0.122626 0.183679 0.930294
1 0.680484 0.506787 0.096273 0.172247 0.924418
2 0.684771 0.740219 0.229327 0.51675 0.916014
3 0.820458 0.864727 0.359084 0.253489 0.902513
3 0.69277 0.848968 0.115298 0.296498 0.88585
2 0.602096 0.569413 0.314453 0.861173 0.724936
2 0.0192219 0.399355 0.0384439 0.485268 0.701842
1 0.0146848 0.645026 0.0293697 0.155455 0.607611
1 0.0169229 0.628533 0.0317079 0.125193 0.331721
