0 0.644864 0.757748 0.144508 0.256496 0.957418
2 0.252447 0.352107 0.134052 0.243939 0.954824
0 0.189589 0.765245 0.0960051 0.169056 0.949881
0 0.945571 0.346737 0.108858 0.232868 0.938477
1 0.0971479 0.0829945 0.0895797 0.150666 0.935928
3 0.814985 0.217893 0.223309 0.411532 0.930292
2 0.418978 0.480754 0.268477 0.571857 0.928141
3 0.885042 0.763737 0.109095 0.181058 0.926002
2 0.720072 0.770742 0.120578 0.220532 0.919515
1 0.0338546 0.364116 0.0677091 0.127902 0.919292
2 0.894418 0.626889 0.15956 0.389226 0.907821
1 0.0343287 0.223995 0.0671721 0.125911 0.899582
0 0.0488782 0.876957 0.0970433 0.240196 0.89064
2 0.197345 0.353663 0.237711 0.211072 0.853439
0 0.956636 0.498091 0.0830528 0.227954 0.842861
1 0.646198 0.0820271 0.0973999 0.164054 0.828923
2 0.584164 0.34737 0.211731 0.679856 0.820553
2 0.573051 0.478669 0.228004 0.449116 0.524939
2 0.897791 0.157254 0.20234 0.311692 0.392238
