2 0.30999 0.367042 0.154638 0.265787 0.971382
2 0.469136 0.63352 0.115762 0.200033 0.962001
0 0.548171 0.761131 0.130224 0.230422 0.953174
2 0.694431 0.361975 0.149402 0.361253 0.952853
0 0.614002 0.494045 0.147174 0.258286 0.949984
0 0.457969 0.353856 0.106339 0.187315 0.946346
2 0.23302 0.182438 0.266161 0.342766 0.944126
3 0.867545 0.866762 0.26491 0.254858 0.935653
1 0.767642 0.50646 0.0978338 0.171283 0.923515
2 0.772906 0.739637 0.222283 0.51724 0.922074
3 0.141909 0.90593 0.139125 0.183628 0.912521
1 0.0746352 0.638801 0.0809214 0.142054 0.905295
2 0.0622489 0.297758 0.124498 0.595516 0.893348
3 0.780525 0.84839 0.115065 0.296363 0.889191
0 0.0293468 0.511536 0.0581644 0.234802 0.778375
2 0.6899 0.560463 0.325133 0.856707 0.740298
