3 0.577236 0.889932 0.143775 0.219303 0.953
0 0.741117 0.114643 0.126897 0.222501 0.952294
2 0.815519 0.501641 0.0951374 0.30956 0.950433
2 0.184714 0.186168 0.188351 0.362993 0.945318
2 0.356599 0.331977 0.208628 0.385977 0.944826
2 0.672078 0.471421 0.221557 0.585108 0.939955
0 0.951607 0.128454 0.0958359 0.253785 0.939713
0 0.197142 0.354478 0.102665 0.178745 0.936828
1 0.35416 0.890105 0.0956789 0.168495 0.936115
3 0.357029 0.191576 0.135073 0.108398 0.926945
1 0.810592 0.755992 0.0947079 0.170837 0.916948
2 0.35005 0.472038 0.11168 0.395284 0.874935
2 0.954618 0.517342 0.0891125 0.406537 0.784982
2 0.955328 0.585012 0.0855242 0.236656 0.591896
1 0.011329 0.22603 0.0215364 0.142149 0.442307
3 0.991669 0.761522 0.0166627 0.341792 0.329419
1 0.0137989 0.21351 0.0256049 0.147599 0.288895
