2 0.902913 0.502119 0.0948532 0.308899 0.955208
0 0.828481 0.115181 0.127041 0.223615 0.953097
2 0.272582 0.186251 0.186559 0.358658 0.948641
3 0.664404 0.889253 0.143017 0.21963 0.947785
2 0.757725 0.470814 0.224293 0.58677 0.938103
0 0.28416 0.354566 0.103004 0.178718 0.935497
1 0.442392 0.889985 0.0950935 0.167965 0.935092
2 0.443312 0.331867 0.208714 0.384889 0.93507
0 0.0558715 0.128768 0.110474 0.256721 0.927847
3 0.444497 0.191756 0.135241 0.108474 0.927172
2 0.0529046 0.619527 0.0962569 0.398504 0.919519
1 0.898049 0.75524 0.0954393 0.170693 0.911821
2 0.437713 0.469555 0.109879 0.402718 0.856428
0 0.990096 0.17117 0.0189741 0.18095 0.336648
0 0.991732 0.186803 0.0146948 0.169362 0.288894
