2 0.472666 0.351773 0.136413 0.243867 0.966478
0 0.863811 0.75791 0.143718 0.255051 0.954755
0 0.408326 0.764574 0.0970085 0.171552 0.947609
2 0.93824 0.768934 0.118086 0.222184 0.937229
0 0.244714 0.875648 0.141027 0.246765 0.937097
2 0.637049 0.480366 0.270223 0.566726 0.93118
1 0.24998 0.365405 0.0729816 0.127741 0.912079
3 0.0973586 0.502474 0.0672714 0.321608 0.907794
1 0.315977 0.0833434 0.0897073 0.155466 0.903544
1 0.247028 0.220576 0.0761547 0.131366 0.893502
2 0.801484 0.34993 0.214256 0.683595 0.865632
2 0.413204 0.354671 0.229462 0.213922 0.857073
3 0.960976 0.232066 0.0779289 0.464132 0.857008
1 0.864334 0.0825976 0.0959662 0.165195 0.788375
