0 0.127665 0.129384 0.140806 0.255349 0.958774
3 0.752238 0.889933 0.143784 0.219323 0.953061
0 0.915965 0.114491 0.12643 0.222126 0.951002
2 0.359701 0.18613 0.188617 0.363126 0.945177
2 0.531534 0.331859 0.208829 0.386114 0.944285
2 0.846885 0.471493 0.22117 0.584888 0.940691
1 0.529183 0.890124 0.0956901 0.168475 0.936716
0 0.372103 0.354469 0.102613 0.178715 0.93579
3 0.531985 0.191528 0.135083 0.108557 0.927825
2 0.139447 0.616621 0.0956745 0.402506 0.912852
1 0.969663 0.756742 0.0606738 0.187558 0.909318
2 0.525066 0.471905 0.111693 0.395463 0.875232
2 0.97001 0.496125 0.0565453 0.322573 0.792412
