3 0.568704 0.482103 0.161798 0.273325 0.959088
0 0.653818 0.350021 0.127865 0.225535 0.95902
2 0.342349 0.64848 0.128192 0.33589 0.953218
3 0.733221 0.214023 0.0873447 0.227653 0.945009
2 0.261984 0.882399 0.104146 0.231009 0.944152
2 0.577584 0.198871 0.166488 0.250892 0.937622
3 0.262251 0.754682 0.13308 0.141172 0.929033
2 0.580822 0.809051 0.132703 0.381607 0.92598
2 0.112484 0.492949 0.119468 0.408707 0.917048
3 0.803218 0.0860915 0.103665 0.164718 0.916021
2 0.351312 0.359066 0.250181 0.466805 0.913477
2 0.260677 0.365958 0.175648 0.703765 0.877402
3 0.969191 0.50414 0.061002 0.324211 0.851042
2 0.314629 0.481687 0.218801 0.349913 0.412432
