3 0.612682 0.482332 0.159845 0.275613 0.963775
2 0.384169 0.648677 0.126482 0.333396 0.95994
0 0.697839 0.350684 0.128608 0.226687 0.959718
2 0.621057 0.199684 0.163762 0.249733 0.945992
3 0.846705 0.0871012 0.101953 0.165857 0.943616
3 0.776341 0.214349 0.0881931 0.229835 0.935793
2 0.305902 0.882878 0.107269 0.230894 0.931373
2 0.625151 0.809341 0.130348 0.381319 0.926518
2 0.156936 0.490986 0.117048 0.409122 0.916887
3 0.304308 0.754561 0.132049 0.142489 0.899916
2 0.393658 0.356208 0.249057 0.462574 0.889902
2 0.304475 0.367389 0.174358 0.708928 0.84723
3 0.0112708 0.346237 0.0225416 0.162247 0.69544
0 0.0150382 0.897904 0.0269778 0.204192 0.621874
2 0.349513 0.499538 0.213081 0.347245 0.294727
