3 0.218905 0.777477 0.190322 0.339898 0.967411
3 0.91878 0.48132 0.160995 0.274438 0.955729
2 0.692362 0.648162 0.12821 0.337927 0.950319
2 0.612179 0.882478 0.104594 0.230824 0.944664
2 0.921705 0.201004 0.153752 0.249456 0.943482
2 0.0930872 0.112167 0.186174 0.218966 0.940241
0 0.292783 0.8888 0.119661 0.215415 0.939642
0 0.0740444 0.197533 0.13677 0.244193 0.939453
1 0.067929 0.908683 0.0942956 0.169383 0.933816
3 0.612207 0.754846 0.132923 0.141133 0.929437
2 0.930543 0.808868 0.131677 0.380981 0.928846
3 0.30252 0.343711 0.052742 0.145215 0.918937
2 0.0852252 0.48341 0.17045 0.497608 0.915828
2 0.462664 0.492992 0.119183 0.409616 0.914978
0 0.219865 0.887093 0.0957186 0.167519 0.914567
2 0.700563 0.359261 0.251909 0.467918 0.912685
2 0.610919 0.366123 0.175888 0.702653 0.873731
2 0.0389351 0.612532 0.0778701 0.231918 0.832143
0 0.967386 0.342382 0.0628853 0.322707 0.51705
2 0.663581 0.480981 0.221781 0.354571 0.364751
2 0.967282 0.312824 0.0654351 0.358145 0.257511
