3 0.725676 0.881034 0.12487 0.237205 0.967919
0 0.100434 0.130104 0.144353 0.259623 0.954049
2 0.118832 0.841566 0.175018 0.316188 0.953252
0 0.491312 0.611492 0.143703 0.255573 0.949602
0 0.817648 0.0911456 0.101041 0.17881 0.946099
0 0.810847 0.630104 0.111909 0.206698 0.945018
3 0.497117 0.195097 0.210299 0.385919 0.94489
3 0.586867 0.75868 0.097905 0.177628 0.939228
2 0.727349 0.360451 0.0957222 0.307597 0.934827
1 0.109819 0.357032 0.0658517 0.116585 0.931718
2 0.813035 0.19451 0.202638 0.27519 0.930013
3 0.189059 0.12799 0.0500237 0.247202 0.917089
1 0.579528 0.331311 0.0663265 0.11618 0.914088
1 0.960018 0.625106 0.0799648 0.162996 0.908184
1 0.112865 0.62827 0.0882907 0.157739 0.90752
2 0.0365798 0.620429 0.0716758 0.429066 0.875578
3 0.970277 0.811311 0.059446 0.377377 0.750077
0 0.00773203 0.935186 0.015375 0.129628 0.253168
