2 0.161138 0.842039 0.175455 0.313893 0.960466
0 0.855199 0.630432 0.113782 0.206264 0.959271
0 0.861213 0.0920505 0.100153 0.178161 0.958882
0 0.535152 0.610873 0.143588 0.256674 0.951663
3 0.769338 0.881625 0.124525 0.23613 0.949957
0 0.143204 0.130586 0.144957 0.258967 0.949469
3 0.541468 0.195932 0.208994 0.385095 0.946754
3 0.630269 0.757972 0.0984225 0.177184 0.942067
2 0.857646 0.193751 0.20684 0.276064 0.939109
2 0.769895 0.360828 0.0964195 0.308598 0.932467
3 0.232304 0.129591 0.0491435 0.251273 0.932416
1 0.153742 0.357183 0.0668236 0.119095 0.931045
1 0.157239 0.62929 0.0902363 0.15912 0.915576
1 0.623435 0.329663 0.0661509 0.117405 0.90991
2 0.0591789 0.646114 0.118102 0.494495 0.864446
0 0.0297746 0.879511 0.0595491 0.227393 0.69771
1 0.986704 0.637341 0.0265931 0.167672 0.528799
