2 0.657309 0.21481 0.176736 0.308155 0.970819
2 0.82028 0.620307 0.176767 0.225912 0.956728
0 0.510678 0.0890876 0.0953392 0.17332 0.95642
3 0.191193 0.205405 0.0630635 0.292219 0.946966
2 0.889646 0.113509 0.220707 0.218132 0.943461
0 0.274899 0.218476 0.0961697 0.169652 0.942876
1 0.437616 0.198653 0.0835715 0.146442 0.937823
0 0.906009 0.199169 0.137294 0.240175 0.937402
2 0.585382 0.719602 0.305295 0.560797 0.936613
1 0.899763 0.907336 0.0927647 0.168708 0.931962
0 0.184913 0.0897893 0.0968115 0.175539 0.926826
0 0.664061 0.773973 0.117712 0.212901 0.9207
0 0.0550551 0.202608 0.108892 0.244081 0.919577
2 0.898828 0.478809 0.202344 0.486635 0.917314
1 0.507009 0.342199 0.0782171 0.138885 0.912504
1 0.199801 0.914594 0.0694981 0.124612 0.904575
0 0.590911 0.102635 0.111354 0.19931 0.880808
3 0.977628 0.789783 0.0442444 0.330451 0.85835
1 0.0133435 0.794469 0.026687 0.132889 0.439332
1 0.837784 0.908738 0.0855108 0.160246 0.320142
