0 0.744242 0.781715 0.119936 0.21012 0.974692
0 0.822662 0.883803 0.128542 0.224628 0.959302
0 0.35805 0.113334 0.123731 0.220683 0.951202
0 0.595797 0.616467 0.125667 0.222214 0.948475
2 0.829273 0.641991 0.243008 0.478631 0.946167
0 0.362183 0.883192 0.124537 0.226457 0.944851
3 0.517319 0.773574 0.129207 0.220707 0.942487
1 0.523139 0.475322 0.0949326 0.167946 0.933357
3 0.051268 0.490058 0.101855 0.175603 0.929983
1 0.599737 0.48856 0.0801139 0.139853 0.923824
1 0.971608 0.630665 0.0567846 0.15698 0.92264
3 0.197828 0.609138 0.176393 0.107933 0.920208
0 0.951785 0.133573 0.0961441 0.267145 0.919666
2 0.953453 0.838338 0.0930946 0.323324 0.918089
1 0.753253 0.0839584 0.0629423 0.114372 0.911115
1 0.975634 0.355615 0.0468706 0.129063 0.839636
3 0.209457 0.898962 0.0968814 0.0285363 0.693223
2 0.00948061 0.205484 0.0189612 0.302192 0.407094
