2 0.284612 0.624161 0.116786 0.210075 0.964328
0 0.300291 0.125305 0.138179 0.244563 0.954417
2 0.138196 0.829537 0.141708 0.336896 0.9495
0 0.146879 0.609531 0.126754 0.227806 0.946664
0 0.207924 0.606986 0.0985061 0.182599 0.944891
3 0.766039 0.909091 0.0848414 0.150284 0.939979
2 0.611229 0.754116 0.24582 0.256788 0.934599
0 0.444971 0.765495 0.097478 0.171309 0.928112
1 0.688832 0.0878203 0.0965704 0.169999 0.921331
1 0.609446 0.356929 0.0945066 0.16875 0.918086
2 0.129376 0.358845 0.25091 0.715197 0.864041
