2 0.455837 0.208773 0.0866367 0.232796 0.955087
0 0.838805 0.113312 0.122955 0.220075 0.948307
3 0.291746 0.342368 0.0809629 0.140511 0.947404
0 0.843864 0.884156 0.126332 0.227772 0.946964
3 0.965981 0.774567 0.0680389 0.222415 0.939593
1 0.366811 0.904484 0.0813741 0.14629 0.935687
1 0.213486 0.474995 0.0771762 0.135017 0.915376
1 0.0559511 0.760337 0.0793591 0.144763 0.907533
3 0.680176 0.608896 0.176812 0.108043 0.90307
3 0.0904339 0.631821 0.180868 0.148785 0.855095
1 0.976999 0.483332 0.0460014 0.151859 0.842758
3 0.452723 0.481925 0.260867 0.178078 0.825652
3 0.0178962 0.197922 0.0345383 0.132351 0.728562
3 0.691536 0.898544 0.101325 0.0279924 0.704328
3 0.0581479 0.620036 0.115604 0.169528 0.531322
3 0.691429 0.903675 0.0968044 0.0355443 0.405556
1 0.0091704 0.335074 0.0178507 0.146199 0.285804
