2 0.660771 0.349503 0.121356 0.238176 0.958334
2 0.344148 0.757458 0.178365 0.346911 0.956441
0 0.739815 0.204964 0.138883 0.243792 0.950183
2 0.272997 0.505492 0.104649 0.268788 0.949702
2 0.504269 0.155671 0.0883334 0.305937 0.947579
3 0.891188 0.205533 0.0630898 0.291947 0.947457
3 0.271239 0.340633 0.296403 0.21484 0.942803
3 0.498008 0.644353 0.0717155 0.129463 0.940177
0 0.666818 0.757912 0.114513 0.202366 0.939842
3 0.190216 0.20792 0.164164 0.268905 0.937649
1 0.267814 0.0765867 0.081949 0.148897 0.936605
3 0.189025 0.470261 0.0770625 0.129428 0.931105
3 0.662602 0.0908733 0.0689129 0.176576 0.929737
0 0.884867 0.0898689 0.0968407 0.175714 0.926848
0 0.962854 0.218875 0.0742468 0.167276 0.926585
1 0.899248 0.915435 0.0677769 0.122607 0.923925
1 0.416038 0.902813 0.0841001 0.150271 0.922769
1 0.584895 0.357541 0.0664633 0.116498 0.907833
1 0.029235 0.488525 0.0584701 0.123208 0.899399
1 0.506913 0.217171 0.079924 0.15793 0.8627
2 0.0198213 0.248926 0.0379677 0.332721 0.446172
2 0.0206488 0.316944 0.0409083 0.381383 0.291521
