2 0.63082 0.208803 0.086626 0.232668 0.955285
3 0.46675 0.342347 0.0809352 0.140476 0.948057
3 0.154857 0.206014 0.110412 0.126324 0.939876
1 0.541746 0.904451 0.0814925 0.146371 0.935758
1 0.147601 0.349212 0.0835706 0.147153 0.933499
3 0.0822938 0.758327 0.129797 0.129304 0.928084
1 0.160817 0.891785 0.0776198 0.138458 0.921417
1 0.38848 0.474983 0.0771639 0.135082 0.915228
1 0.231534 0.759841 0.0780779 0.142921 0.914751
3 0.855193 0.608907 0.176802 0.108028 0.899894
0 0.97629 0.113835 0.046545 0.212505 0.895717
3 0.627796 0.481984 0.260779 0.17793 0.82391
0 0.978006 0.880907 0.0439886 0.238187 0.822694
1 0.0233387 0.76489 0.0431034 0.135162 0.81132
3 0.248489 0.636309 0.214854 0.138169 0.766987
3 0.152653 0.613918 0.283201 0.179769 0.715599
3 0.866296 0.898759 0.100124 0.0275636 0.637982
3 0.866808 0.904173 0.0962749 0.0357734 0.348934
