2 0.6507 0.758056 0.180271 0.349547 0.952652
3 0.496815 0.207189 0.165862 0.268414 0.947935
2 0.810323 0.155074 0.0894255 0.307769 0.945699
2 0.58079 0.505812 0.107956 0.2696 0.945105
3 0.804757 0.644247 0.0720291 0.129638 0.944305
3 0.576961 0.339677 0.294845 0.216678 0.943946
1 0.573543 0.0766584 0.0816182 0.146148 0.943052
2 0.952792 0.349596 0.0925877 0.242983 0.939142
3 0.49529 0.46967 0.0771197 0.132616 0.932562
1 0.723038 0.905093 0.0843997 0.150212 0.931933
0 0.957895 0.759491 0.0841557 0.207633 0.924374
0 0.282083 0.201233 0.0832487 0.142308 0.919743
1 0.892332 0.357285 0.0684685 0.11865 0.917771
3 0.966881 0.0902193 0.0653149 0.175902 0.916998
1 0.261655 0.639119 0.0841183 0.148559 0.913168
1 0.331093 0.489991 0.0670317 0.119573 0.907577
2 0.170157 0.341656 0.340314 0.396137 0.906386
1 0.811574 0.218238 0.0810545 0.155127 0.854803
3 0.245994 0.0855737 0.104774 0.167587 0.846129
0 0.989033 0.1989 0.0212585 0.230928 0.633646
2 0.246304 0.0848308 0.103966 0.168046 0.566336
