2 0.608982 0.503574 0.14789 0.252299 0.976079
0 0.226509 0.203464 0.109123 0.191191 0.961231
3 0.835495 0.139618 0.0914241 0.274659 0.957214
3 0.774437 0.500878 0.168038 0.242304 0.957078
2 0.53142 0.205706 0.167978 0.399674 0.95183
0 0.528128 0.889257 0.122643 0.216219 0.950098
0 0.443371 0.887466 0.125188 0.219138 0.946891
0 0.22425 0.756025 0.14416 0.258665 0.94388
2 0.935318 0.609654 0.129364 0.274256 0.943383
0 0.762451 0.358742 0.107963 0.190509 0.935555
2 0.14729 0.843121 0.248825 0.313256 0.933123
2 0.216252 0.471658 0.109378 0.406694 0.925388
1 0.30507 0.0871877 0.0596624 0.105068 0.910447
0 0.14131 0.750561 0.0950166 0.16704 0.89934
3 0.679979 0.332199 0.158239 0.150833 0.898668
3 0.091009 0.236807 0.182018 0.466114 0.892605
1 0.68396 0.916315 0.056694 0.0993595 0.892113
1 0.0707615 0.339082 0.0956326 0.16666 0.865621
2 0.951473 0.806539 0.0954363 0.381614 0.861922
3 0.0122981 0.894754 0.0245962 0.159884 0.779066
1 0.014362 0.768691 0.0272228 0.152125 0.618468
1 0.0244501 0.151115 0.0489002 0.20549 0.377235
2 0.935733 0.63356 0.128534 0.69495 0.269853
