2 0.783968 0.50358 0.147869 0.252345 0.975933
0 0.401525 0.203474 0.109084 0.191161 0.960744
2 0.706425 0.205705 0.167771 0.399688 0.951653
0 0.703122 0.889253 0.12257 0.21617 0.950048
0 0.618381 0.887464 0.1252 0.219146 0.946713
3 0.154581 0.898762 0.0899519 0.158586 0.945746
0 0.399245 0.756087 0.144068 0.258275 0.943165
3 0.932958 0.50068 0.134084 0.242934 0.942953
0 0.937958 0.357956 0.109574 0.192044 0.935386
2 0.322364 0.843285 0.24848 0.313323 0.933129
2 0.391253 0.471696 0.109382 0.406095 0.92593
3 0.233952 0.241455 0.245255 0.462758 0.91918
3 0.0283976 0.487889 0.0567951 0.191094 0.915864
0 0.159231 0.128018 0.139694 0.251996 0.913956
1 0.480087 0.0871176 0.0598112 0.105431 0.908814
1 0.159521 0.766052 0.0846449 0.15328 0.905841
0 0.316313 0.750569 0.0950556 0.167145 0.900961
3 0.855018 0.332239 0.158097 0.150746 0.900463
1 0.859022 0.916271 0.0566902 0.0994208 0.892002
1 0.24432 0.340296 0.0935847 0.164131 0.88707
3 0.982238 0.14209 0.0355236 0.280111 0.826548
