3 0.170656 0.123471 0.123454 0.238364 0.959397
3 0.470241 0.144618 0.155787 0.284458 0.95783
0 0.473209 0.483194 0.117283 0.21185 0.951595
3 0.482172 0.85917 0.109286 0.27448 0.940036
1 0.624663 0.207956 0.0896505 0.158336 0.930863
2 0.928845 0.235686 0.13894 0.462957 0.926384
1 0.390949 0.0891273 0.0973635 0.172603 0.921615
2 0.23278 0.247304 0.234232 0.481638 0.915397
1 0.937039 0.915913 0.0797833 0.141695 0.900233
1 0.0281341 0.758685 0.0553987 0.139307 0.895392
3 0.312877 0.17587 0.23405 0.346566 0.824813
