3 0.548285 0.898921 0.0901497 0.15875 0.95852
3 0.395962 0.488953 0.1096 0.190894 0.956261
0 0.794805 0.202008 0.110076 0.19435 0.95617
0 0.710317 0.749549 0.0923667 0.163099 0.937793
0 0.792623 0.7553 0.146398 0.257062 0.928976
2 0.715926 0.843131 0.247415 0.31015 0.927609
1 0.875185 0.0866943 0.0594151 0.0990666 0.926471
2 0.783867 0.472573 0.10901 0.405193 0.921175
3 0.625986 0.24151 0.245932 0.462331 0.920529
0 0.550573 0.126228 0.139842 0.246939 0.913292
1 0.552236 0.765559 0.0868555 0.153844 0.909379
1 0.637197 0.34169 0.0928246 0.162062 0.894209
0 0.975156 0.87781 0.0496046 0.2268 0.889889
