0 0.668925 0.620519 0.146692 0.260848 0.947346
0 0.746494 0.908276 0.096689 0.172526 0.947243
2 0.903087 0.846283 0.121023 0.307433 0.942494
3 0.750973 0.113807 0.0885399 0.221584 0.940693
0 0.910767 0.49016 0.119004 0.214573 0.940242
2 0.437642 0.790011 0.197843 0.419977 0.935427
3 0.597232 0.745317 0.111703 0.179984 0.931248
2 0.211382 0.803239 0.302222 0.389273 0.929852
0 0.523708 0.889173 0.0882263 0.166326 0.927628
1 0.837148 0.611267 0.0733801 0.131288 0.926627
1 0.512957 0.0854809 0.0984861 0.170962 0.925187
0 0.589053 0.211323 0.11137 0.198223 0.924014
1 0.438072 0.622958 0.0950878 0.172297 0.917832
1 0.966249 0.220027 0.0675024 0.160339 0.916949
2 0.129774 0.215989 0.242439 0.197307 0.914589
3 0.515024 0.769608 0.14734 0.243722 0.893967
0 0.96118 0.345809 0.0776407 0.261512 0.880833
0 0.207424 0.643886 0.0965559 0.179546 0.878104
0 0.590223 0.332584 0.115768 0.204817 0.874256
3 0.0822053 0.0965336 0.164411 0.188852 0.872507
1 0.970727 0.921576 0.0585454 0.14622 0.864715
1 0.972918 0.48942 0.0521709 0.113213 0.856146
2 0.440446 0.50213 0.277373 0.321746 0.824101
2 0.0392491 0.828521 0.0775164 0.268995 0.821297
2 0.281946 0.645949 0.271442 0.581139 0.78991
3 0.0769291 0.317891 0.148539 0.160544 0.708188
3 0.0828533 0.154074 0.161201 0.297104 0.411632
