3 0.645247 0.144619 0.155742 0.284486 0.957621
3 0.345624 0.12347 0.123506 0.238391 0.957249
0 0.109146 0.487407 0.102786 0.179533 0.953613
0 0.64821 0.483216 0.11725 0.21188 0.951038
3 0.657201 0.859156 0.109279 0.274468 0.939847
1 0.192073 0.757912 0.0778286 0.139063 0.933633
1 0.799736 0.207981 0.0897051 0.158465 0.931373
1 0.565994 0.0891354 0.0974064 0.172622 0.921574
2 0.407815 0.247145 0.23411 0.481269 0.915316
0 0.0455726 0.33654 0.0911452 0.215434 0.891915
3 0.0637141 0.198589 0.127428 0.374806 0.89046
3 0.487944 0.17582 0.234315 0.346454 0.824902
