3 0.0806398 0.911949 0.0970726 0.17281 0.954863
0 0.0790084 0.493528 0.107046 0.187238 0.953513
3 0.789707 0.488952 0.108692 0.190475 0.944659
3 0.941478 0.8999 0.0899452 0.158963 0.944607
3 0.164904 0.118601 0.136484 0.227862 0.94384
3 0.947537 0.248261 0.101772 0.457537 0.937271
1 0.159556 0.488197 0.0695165 0.123925 0.925563
2 0.11232 0.143067 0.22464 0.281148 0.915174
0 0.0354131 0.876739 0.0708262 0.238131 0.909199
1 0.947691 0.766402 0.0869766 0.153695 0.904546
0 0.937282 0.130178 0.125435 0.24908 0.889799
0 0.0259732 0.352724 0.0504 0.169699 0.887539
