1 0.831713 0.624263 0.0961021 0.168282 0.943424
2 0.831695 0.790573 0.198011 0.418854 0.931924
3 0.133981 0.639362 0.241044 0.372949 0.928748
2 0.369766 0.851057 0.204185 0.297412 0.927459
2 0.134079 0.867074 0.13149 0.258934 0.919657
2 0.602588 0.801117 0.308335 0.390857 0.917637
3 0.447278 0.203089 0.22914 0.398352 0.916225
1 0.906013 0.0856817 0.0993317 0.171363 0.911291
3 0.96684 0.74345 0.065453 0.183459 0.907976
3 0.907657 0.769192 0.150507 0.241763 0.903538
1 0.140136 0.770959 0.065852 0.119588 0.901777
2 0.0983068 0.271816 0.196614 0.531279 0.89397
0 0.601388 0.643608 0.0957563 0.178848 0.892047
3 0.198211 0.354327 0.0694584 0.139182 0.885857
0 0.916793 0.88611 0.0874661 0.166457 0.879651
2 0.520776 0.216632 0.247346 0.197394 0.879004
1 0.361515 0.345494 0.0618036 0.109255 0.876466
0 0.353669 0.199027 0.123931 0.223593 0.874465
2 0.833257 0.508549 0.278428 0.335125 0.860798
0 0.962344 0.212963 0.0751493 0.205791 0.859199
0 0.961958 0.334614 0.0709391 0.210662 0.845294
2 0.67343 0.654329 0.272952 0.602242 0.804628
1 0.044355 0.466977 0.0750141 0.142843 0.72982
