2 0.838499 0.213724 0.143223 0.295659 0.972161
3 0.521102 0.180928 0.199235 0.355112 0.960229
3 0.132844 0.63683 0.0860949 0.160382 0.958472
2 0.442135 0.886812 0.124217 0.212501 0.956389
3 0.125406 0.487611 0.156537 0.138868 0.95597
2 0.0601444 0.346448 0.117223 0.182968 0.954976
0 0.208803 0.746543 0.133278 0.242698 0.953005
0 0.441046 0.334839 0.128601 0.226265 0.951545
3 0.362203 0.619525 0.141243 0.099383 0.946171
0 0.135568 0.0872707 0.0944278 0.166233 0.944263
2 0.363366 0.225228 0.123262 0.443461 0.938858
0 0.362747 0.0881513 0.095009 0.172815 0.938793
2 0.208552 0.496963 0.282984 0.325108 0.93665
3 0.0510392 0.488645 0.0792739 0.161994 0.934641
0 0.061157 0.620214 0.0901897 0.16019 0.934191
2 0.605762 0.76965 0.121537 0.391119 0.931824
3 0.514812 0.46692 0.251617 0.331849 0.925712
0 0.435435 0.208173 0.0860371 0.153505 0.919998
1 0.75855 0.473561 0.069573 0.121945 0.919669
2 0.0683172 0.737426 0.136634 0.525148 0.918074
2 0.932133 0.168752 0.135735 0.30046 0.91637
3 0.208159 0.136637 0.0775968 0.268731 0.905076
1 0.682279 0.216375 0.080567 0.145708 0.898214
3 0.75082 0.359878 0.323823 0.719756 0.89105
