0 0.659467 0.877689 0.134848 0.23926 0.967868
3 0.820038 0.118671 0.137752 0.2292 0.959334
0 0.734696 0.493897 0.106069 0.186138 0.956331
2 0.113383 0.61434 0.160316 0.214937 0.954112
0 0.660283 0.354855 0.0936793 0.16755 0.947354
3 0.433151 0.618668 0.134511 0.21102 0.943083
2 0.426785 0.748489 0.129076 0.167303 0.940702
2 0.508694 0.200799 0.0845243 0.385781 0.930565
3 0.735949 0.910462 0.099133 0.175311 0.929516
3 0.0332931 0.629113 0.0665862 0.137209 0.92809
2 0.73769 0.140285 0.28607 0.276542 0.902594
1 0.815236 0.486065 0.0699341 0.124589 0.897287
2 0.0615834 0.488144 0.120778 0.291376 0.889128
2 0.0716472 0.758336 0.143294 0.403761 0.831654
3 0.0271592 0.223253 0.0543184 0.384854 0.597452
