2 0.158236 0.615238 0.158858 0.222335 0.966118
0 0.704369 0.878214 0.133858 0.23981 0.964332
0 0.779303 0.493845 0.105168 0.186161 0.954409
3 0.864635 0.118372 0.136857 0.228366 0.951817
3 0.780304 0.911823 0.0977797 0.17295 0.950972
2 0.470169 0.750382 0.129114 0.169597 0.949682
3 0.476606 0.619814 0.13533 0.214219 0.949522
2 0.0939337 0.486842 0.140491 0.280714 0.936705
1 0.859472 0.487842 0.0696699 0.123893 0.922607
0 0.703055 0.355195 0.0925304 0.165819 0.919742
2 0.0943556 0.757731 0.187732 0.405173 0.917786
3 0.0749461 0.630358 0.0694356 0.133835 0.908582
2 0.551966 0.201892 0.0835644 0.386123 0.903274
2 0.783375 0.139655 0.289086 0.274235 0.900448
3 0.0499575 0.211294 0.0968802 0.299384 0.893706
