0 0.834483 0.877727 0.134861 0.23938 0.968074
2 0.22465 0.487135 0.140899 0.284223 0.964519
0 0.909725 0.493995 0.106183 0.186224 0.956425
2 0.287881 0.615559 0.161564 0.214926 0.956113
3 0.206564 0.631935 0.0700203 0.132941 0.952861
0 0.835279 0.354867 0.0937605 0.167697 0.946672
3 0.608152 0.618643 0.134486 0.21101 0.943623
2 0.602461 0.748765 0.129261 0.166723 0.941635
2 0.214278 0.760098 0.210344 0.402998 0.94129
3 0.129616 0.210282 0.201558 0.299448 0.938212
2 0.886071 0.139825 0.227858 0.279649 0.931477
3 0.910915 0.910389 0.0992455 0.175542 0.930169
2 0.683651 0.200663 0.0844593 0.385717 0.929387
3 0.963561 0.119085 0.07167 0.226995 0.91872
1 0.976795 0.493176 0.0464096 0.122824 0.625721
1 0.0103778 0.613234 0.0207556 0.130686 0.379186
1 0.00929945 0.632804 0.0185989 0.1369 0.347065
1 0.014365 0.605147 0.0282305 0.130325 0.25138
