2 0.662076 0.487589 0.141113 0.28407 0.96341
2 0.72544 0.615786 0.161474 0.215615 0.959377
2 0.345258 0.62572 0.105217 0.304093 0.958732
0 0.269547 0.87871 0.132279 0.239469 0.956339
3 0.2575 0.753622 0.127206 0.218082 0.950949
3 0.181621 0.34465 0.0817986 0.193176 0.948204
3 0.644446 0.63181 0.0695118 0.133913 0.947047
0 0.191482 0.206927 0.102238 0.180817 0.946224
3 0.567899 0.208344 0.199288 0.296237 0.943024
1 0.414965 0.614393 0.088295 0.154819 0.935591
3 0.261644 0.203215 0.0852556 0.161622 0.934345
0 0.193583 0.0929758 0.103451 0.185952 0.933689
2 0.652294 0.757558 0.211122 0.404798 0.930758
1 0.337604 0.0755181 0.0777204 0.138049 0.904471
3 0.989163 0.598448 0.0216736 0.190819 0.779036
2 0.987344 0.766497 0.0239517 0.158172 0.402213
