0 0.543353 0.198963 0.126269 0.222893 0.959027
1 0.228165 0.919105 0.0783449 0.139026 0.948303
3 0.844206 0.856725 0.158527 0.28655 0.947767
3 0.374498 0.751565 0.139527 0.230351 0.947666
2 0.386303 0.244929 0.228873 0.489857 0.935069
2 0.384924 0.886614 0.241055 0.215319 0.930772
1 0.0656935 0.224091 0.0591741 0.106398 0.926716
1 0.697068 0.762704 0.061459 0.107519 0.911308
3 0.0433597 0.633981 0.0861998 0.339525 0.887212
3 0.0280893 0.20625 0.0561785 0.200403 0.88474
0 0.981446 0.621862 0.0345654 0.198866 0.757095
0 0.981753 0.572179 0.0364942 0.30624 0.360538
