2 0.749689 0.487171 0.140838 0.284018 0.965045
2 0.43301 0.625782 0.105387 0.303744 0.962164
2 0.812885 0.615489 0.161561 0.215043 0.956116
0 0.357323 0.878979 0.132642 0.238803 0.953948
3 0.731617 0.631912 0.0700279 0.133016 0.951513
3 0.344957 0.75368 0.127011 0.218126 0.949205
0 0.278494 0.207269 0.102651 0.182299 0.944436
3 0.26935 0.344904 0.0818172 0.192256 0.943579
2 0.739362 0.760196 0.210181 0.402843 0.941769
0 0.281179 0.09301 0.103586 0.18602 0.939741
3 0.654937 0.210359 0.200776 0.299506 0.938341
3 0.348696 0.203849 0.084791 0.161141 0.937145
1 0.502246 0.614517 0.0873878 0.153967 0.935009
1 0.424493 0.0755433 0.0773058 0.139464 0.900702
2 0.0510942 0.352133 0.100304 0.488452 0.861961
