2 0.0858199 0.218396 0.148932 0.242269 0.966911
0 0.87595 0.103883 0.113921 0.205358 0.955139
0 0.631589 0.206506 0.105461 0.18862 0.951723
0 0.0974044 0.781427 0.0986592 0.170593 0.950423
2 0.645896 0.342923 0.204117 0.293808 0.949794
0 0.319629 0.481973 0.127721 0.229896 0.944993
2 0.552065 0.623965 0.159335 0.182455 0.941117
3 0.708578 0.766231 0.217888 0.15149 0.940688
2 0.1601 0.274659 0.268995 0.549318 0.933783
3 0.0355508 0.913716 0.0711016 0.121798 0.925068
2 0.802451 0.329652 0.137621 0.453176 0.92443
0 0.319325 0.191455 0.0850603 0.155571 0.919511
3 0.783317 0.202717 0.14663 0.243992 0.917499
1 0.245703 0.197766 0.0933636 0.16586 0.917488
2 0.933055 0.25586 0.129265 0.506264 0.916769
1 0.550053 0.0748641 0.0808043 0.139779 0.914029
1 0.473732 0.477927 0.0690446 0.121609 0.912005
1 0.94076 0.500086 0.084156 0.150291 0.906865
1 0.870992 0.33148 0.0666439 0.117941 0.906738
2 0.165148 0.886965 0.232413 0.150261 0.874652
0 0.980844 0.439368 0.0368282 0.312746 0.36602
