2 0.827211 0.62537 0.105484 0.304448 0.967569
0 0.121483 0.107508 0.117686 0.21171 0.961158
0 0.750732 0.879345 0.134418 0.238558 0.955008
3 0.739934 0.753782 0.128379 0.218252 0.946189
0 0.280144 0.331229 0.129998 0.234591 0.943944
3 0.742264 0.203059 0.0848474 0.161763 0.939779
3 0.662986 0.344686 0.0814584 0.191801 0.934569
0 0.671801 0.207236 0.10311 0.181663 0.933424
0 0.0521515 0.620679 0.103 0.228838 0.930478
0 0.675307 0.0927315 0.10327 0.185463 0.928862
1 0.895841 0.614461 0.0883976 0.155625 0.922994
0 0.0393798 0.360682 0.0787596 0.155866 0.921718
1 0.819474 0.0764459 0.0779707 0.142541 0.91277
2 0.420634 0.349707 0.139792 0.490498 0.896783
3 0.974311 0.220466 0.0513531 0.279584 0.850596
2 0.35237 0.366611 0.263512 0.222308 0.822449
